 MATRIZ LIDA: 
   4.00000000      -2.00000000      -3.00000000       6.00000000    
  -6.00000000       7.00000000       6.50000000      -6.00000000    
   1.00000000       7.50000000       6.25000000       5.50000000    
  -12.0000000       22.0000000       15.5000000      -1.00000000    
 VETOR B:    12.0000000      -6.50000000       16.0000000       17.0000000    

 O VETOR SOLUCAO X:    2.00000000       4.00000000      -3.00000000      0.500000000    
 O VETOR B ORIGINAL:    12.0000000      -6.50000000       16.0000000       17.0000000    

 CALCULADO:    12.0000000      -6.50000000       16.0000000       17.0000000    
 ESPERADO:     12.0000000      -6.50000000       16.0000000       17.0000000    

 PROVA REAL
 CALCULADO:    12.0000000      -6.50000000       16.0000000       17.0000000    

